1000	12	10	0.64	0.00	0.96
2000	15	14	1.08	1.00	1.26
3000	17	15	1.54	1.00	1.60
4000	17	12	2.02	2.00	1.98
5000	19	18	2.51	2.00	2.39
6000	21	18	3.00	2.00	2.82
7000	23	18	3.50	3.00	3.28
8000	25	18	4.00	3.00	3.74
9000	26	18	4.50	4.00	4.21
10000	27	18	5.00	4.00	4.69
11000	29	18	5.50	4.00	5.17
12000	32	18	6.00	5.00	5.65
13000	33	18	6.50	5.00	6.14
14000	34	18	7.00	6.00	6.63
15000	35	18	7.50	6.00	7.12
16000	39	18	8.00	6.00	7.61
17000	39	18	8.50	7.00	8.10
18000	39	18	9.00	7.00	8.60
19000	42	18	9.49	7.00	9.10
20000	42	18	9.99	8.00	9.59
21000	42	18	10.49	8.00	10.09
22000	48	18	10.99	9.00	10.58
23000	48	18	11.49	9.00	11.07
24000	50	18	11.99	9.00	11.57
